(kicad_pcb (version 20171130) (host pcbnew "(5.0.1)-4")

  (general
    (thickness 1.6)
    (drawings 0)
    (tracks 189)
    (zones 0)
    (modules 29)
    (nets 42)
  )

  (page A4)
  (layers
    (0 F.Cu signal)
    (31 B.Cu signal)
    (32 B.Adhes user)
    (33 F.Adhes user)
    (34 B.Paste user)
    (35 F.Paste user)
    (36 B.SilkS user)
    (37 F.SilkS user)
    (38 B.Mask user)
    (39 F.Mask user)
    (40 Dwgs.User user)
    (41 Cmts.User user)
    (42 Eco1.User user)
    (43 Eco2.User user)
    (44 Edge.Cuts user)
    (45 Margin user)
    (46 B.CrtYd user)
    (47 F.CrtYd user)
    (48 B.Fab user)
    (49 F.Fab user)
  )

  (setup
    (last_trace_width 0.762)
    (user_trace_width 0.508)
    (user_trace_width 0.635)
    (user_trace_width 0.762)
    (trace_clearance 0.635)
    (zone_clearance 0.508)
    (zone_45_only no)
    (trace_min 0.2)
    (segment_width 0.2)
    (edge_width 0.15)
    (via_size 1.5)
    (via_drill 0.7)
    (via_min_size 1.5)
    (via_min_drill 0.7)
    (uvia_size 0.3)
    (uvia_drill 0.1)
    (uvias_allowed no)
    (uvia_min_size 0.2)
    (uvia_min_drill 0.1)
    (pcb_text_width 0.3)
    (pcb_text_size 1.5 1.5)
    (mod_edge_width 0.15)
    (mod_text_size 1 1)
    (mod_text_width 0.15)
    (pad_size 12 20)
    (pad_drill 0)
    (pad_to_mask_clearance 0.051)
    (solder_mask_min_width 0.25)
    (aux_axis_origin 0 0)
    (visible_elements 7FFFFFFF)
    (pcbplotparams
      (layerselection 0x010fc_ffffffff)
      (usegerberextensions false)
      (usegerberattributes false)
      (usegerberadvancedattributes false)
      (creategerberjobfile false)
      (excludeedgelayer true)
      (linewidth 0.100000)
      (plotframeref false)
      (viasonmask false)
      (mode 1)
      (useauxorigin false)
      (hpglpennumber 1)
      (hpglpenspeed 20)
      (hpglpendiameter 15.000000)
      (psnegative false)
      (psa4output false)
      (plotreference true)
      (plotvalue true)
      (plotinvisibletext false)
      (padsonsilk false)
      (subtractmaskfromsilk false)
      (outputformat 1)
      (mirror false)
      (drillshape 1)
      (scaleselection 1)
      (outputdirectory ""))
  )

  (net 0 "")
  (net 1 +5V)
  (net 2 /Sinais/SignalIn)
  (net 3 GND)
  (net 4 "Net-(D2-Pad2)")
  (net 5 VCC)
  (net 6 /Fonte/Vin-)
  (net 7 "Net-(C5-Pad2)")
  (net 8 "Net-(C6-Pad2)")
  (net 9 "Net-(R3-Pad2)")
  (net 10 "Net-(R2-Pad2)")
  (net 11 /Sinais/SignalOut)
  (net 12 /PWM)
  (net 13 "Net-(U3-Pad2)")
  (net 14 "Net-(U3-Pad3)")
  (net 15 "Net-(U3-Pad4)")
  (net 16 "Net-(U3-Pad5)")
  (net 17 "Net-(U3-Pad6)")
  (net 18 "Net-(U3-Pad7)")
  (net 19 "Net-(U3-Pad8)")
  (net 20 "Net-(U3-Pad9)")
  (net 21 "Net-(U3-Pad10)")
  (net 22 "Net-(U3-Pad11)")
  (net 23 "Net-(U3-Pad12)")
  (net 24 "Net-(U3-Pad13)")
  (net 25 "Net-(U3-Pad16)")
  (net 26 "Net-(U3-Pad17)")
  (net 27 "Net-(U3-Pad18)")
  (net 28 "Net-(U3-Pad19)")
  (net 29 "Net-(U3-Pad20)")
  (net 30 "Net-(U3-Pad21)")
  (net 31 "Net-(U3-Pad22)")
  (net 32 "Net-(U3-Pad23)")
  (net 33 "Net-(U3-Pad24)")
  (net 34 "Net-(U3-Pad25)")
  (net 35 "Net-(U3-Pad26)")
  (net 36 "Net-(U3-Pad27)")
  (net 37 "Net-(U3-Pad28)")
  (net 38 "Net-(U3-Pad30)")
  (net 39 "Net-(U1-Pad1)")
  (net 40 "Net-(U1-Pad6)")
  (net 41 GNDA)

  (net_class Default "This is the default net class."
    (clearance 0.635)
    (trace_width 0.762)
    (via_dia 1.5)
    (via_drill 0.7)
    (uvia_dia 0.3)
    (uvia_drill 0.1)
    (add_net +5V)
    (add_net /Fonte/Vin-)
    (add_net /PWM)
    (add_net /Sinais/SignalIn)
    (add_net /Sinais/SignalOut)
    (add_net GND)
    (add_net GNDA)
    (add_net "Net-(C5-Pad2)")
    (add_net "Net-(C6-Pad2)")
    (add_net "Net-(D2-Pad2)")
    (add_net "Net-(R2-Pad2)")
    (add_net "Net-(R3-Pad2)")
    (add_net "Net-(U1-Pad1)")
    (add_net "Net-(U1-Pad6)")
    (add_net "Net-(U3-Pad10)")
    (add_net "Net-(U3-Pad11)")
    (add_net "Net-(U3-Pad12)")
    (add_net "Net-(U3-Pad13)")
    (add_net "Net-(U3-Pad16)")
    (add_net "Net-(U3-Pad17)")
    (add_net "Net-(U3-Pad18)")
    (add_net "Net-(U3-Pad19)")
    (add_net "Net-(U3-Pad2)")
    (add_net "Net-(U3-Pad20)")
    (add_net "Net-(U3-Pad21)")
    (add_net "Net-(U3-Pad22)")
    (add_net "Net-(U3-Pad23)")
    (add_net "Net-(U3-Pad24)")
    (add_net "Net-(U3-Pad25)")
    (add_net "Net-(U3-Pad26)")
    (add_net "Net-(U3-Pad27)")
    (add_net "Net-(U3-Pad28)")
    (add_net "Net-(U3-Pad3)")
    (add_net "Net-(U3-Pad30)")
    (add_net "Net-(U3-Pad4)")
    (add_net "Net-(U3-Pad5)")
    (add_net "Net-(U3-Pad6)")
    (add_net "Net-(U3-Pad7)")
    (add_net "Net-(U3-Pad8)")
    (add_net "Net-(U3-Pad9)")
    (add_net VCC)
  )

  (module KicadZeniteSolarLibrary18:NodeMCU-LoLinV3 (layer F.Cu) (tedit 5C2A40BD) (tstamp 5C2AC205)
    (at 111.315045 80.01)
    (path /5C28BD22)
    (fp_text reference U3 (at 0 0) (layer F.SilkS)
      (effects (font (size 1 1) (thickness 0.15)))
    )
    (fp_text value "NodeMCU1.0(ESP-12E)" (at 0 -29.21) (layer F.Fab)
      (effects (font (size 1 1) (thickness 0.15)))
    )
    (fp_text user VIN (at -11.43 15.24) (layer F.SilkS)
      (effects (font (size 1 1) (thickness 0.15)))
    )
    (fp_text user G (at -11.43 12.7) (layer F.SilkS)
      (effects (font (size 1 1) (thickness 0.15)))
    )
    (fp_text user RST (at -11.43 10.16) (layer F.SilkS)
      (effects (font (size 1 1) (thickness 0.15)))
    )
    (fp_text user EN (at -11.43 7.62) (layer F.SilkS)
      (effects (font (size 1 1) (thickness 0.15)))
    )
    (fp_text user 3V (at -11.43 5.08) (layer F.SilkS)
      (effects (font (size 1 1) (thickness 0.15)))
    )
    (fp_text user G (at -11.43 2.54) (layer F.SilkS)
      (effects (font (size 1 1) (thickness 0.15)))
    )
    (fp_text user SK (at -11.43 0) (layer F.SilkS)
      (effects (font (size 1 1) (thickness 0.15)))
    )
    (fp_text user SO (at -11.43 -2.54) (layer F.SilkS)
      (effects (font (size 1 1) (thickness 0.15)))
    )
    (fp_text user SC (at -11.43 -5.08) (layer F.SilkS)
      (effects (font (size 1 1) (thickness 0.15)))
    )
    (fp_text user S1 (at -11.43 -7.62) (layer F.SilkS)
      (effects (font (size 1 1) (thickness 0.15)))
    )
    (fp_text user S2 (at -11.43 -10.16) (layer F.SilkS)
      (effects (font (size 1 1) (thickness 0.15)))
    )
    (fp_text user S3 (at -11.43 -12.7) (layer F.SilkS)
      (effects (font (size 1 1) (thickness 0.15)))
    )
    (fp_text user VU (at -11.43 -15.24) (layer F.SilkS)
      (effects (font (size 1 1) (thickness 0.15)))
    )
    (fp_text user G (at -11.43 -17.78) (layer F.SilkS)
      (effects (font (size 1 1) (thickness 0.15)))
    )
    (fp_text user A0 (at -11.43 -20.32) (layer F.SilkS)
      (effects (font (size 1 1) (thickness 0.15)))
    )
    (fp_text user 3V (at 11.43 15.24) (layer F.SilkS)
      (effects (font (size 1 1) (thickness 0.15)))
    )
    (fp_text user G (at 11.43 12.7) (layer F.SilkS)
      (effects (font (size 1 1) (thickness 0.15)))
    )
    (fp_text user TX (at 11.43 10.16) (layer F.SilkS)
      (effects (font (size 1 1) (thickness 0.15)))
    )
    (fp_text user RX (at 11.43 7.62) (layer F.SilkS)
      (effects (font (size 1 1) (thickness 0.15)))
    )
    (fp_text user D8 (at 11.43 5.08) (layer F.SilkS)
      (effects (font (size 1 1) (thickness 0.15)))
    )
    (fp_text user D7 (at 11.43 2.54) (layer F.SilkS)
      (effects (font (size 1 1) (thickness 0.15)))
    )
    (fp_text user D6 (at 11.43 0) (layer F.SilkS)
      (effects (font (size 1 1) (thickness 0.15)))
    )
    (fp_text user D5 (at 11.43 -2.54) (layer F.SilkS)
      (effects (font (size 1 1) (thickness 0.15)))
    )
    (fp_text user G (at 11.43 -5.08) (layer F.SilkS)
      (effects (font (size 1 1) (thickness 0.15)))
    )
    (fp_text user 3V (at 11.43 -7.62) (layer F.SilkS)
      (effects (font (size 1 1) (thickness 0.15)))
    )
    (fp_text user D4 (at 11.43 -10.16) (layer F.SilkS)
      (effects (font (size 1 1) (thickness 0.15)))
    )
    (fp_text user D3 (at 11.43 -12.7) (layer F.SilkS)
      (effects (font (size 1 1) (thickness 0.15)))
    )
    (fp_text user D2 (at 11.43 -15.24) (layer F.SilkS)
      (effects (font (size 1 1) (thickness 0.15)))
    )
    (fp_text user D1 (at 11.43 -17.78) (layer F.SilkS)
      (effects (font (size 1 1) (thickness 0.15)))
    )
    (fp_text user D0 (at 11.43 -20.32) (layer F.SilkS)
      (effects (font (size 1 1) (thickness 0.15)))
    )
    (fp_circle (center 12.7 24.13) (end 13.97 22.86) (layer F.SilkS) (width 0.15))
    (fp_circle (center -12.7 24.13) (end -11.43 22.86) (layer F.SilkS) (width 0.15))
    (fp_circle (center -12.7 -27.94) (end -11.43 -29.21) (layer F.SilkS) (width 0.15))
    (fp_circle (center 12.7 -27.94) (end 13.97 -29.21) (layer F.SilkS) (width 0.15))
    (fp_line (start 15.25 -30.5) (end -14.75 -30.5) (layer F.SilkS) (width 0.15))
    (fp_line (start -14.75 -30.5) (end -15.25 -30.5) (layer F.SilkS) (width 0.15))
    (fp_line (start -15.25 -30.5) (end -15.25 26.5) (layer F.SilkS) (width 0.15))
    (fp_line (start -15.25 26.5) (end 15.25 26.5) (layer F.SilkS) (width 0.15))
    (fp_line (start 15.25 26.5) (end 15.25 -30.5) (layer F.SilkS) (width 0.15))
    (pad 1 thru_hole rect (at -13.97 -20.32) (size 1.9 1.9) (drill 0.762) (layers *.Cu *.Mask F.SilkS)
      (net 11 /Sinais/SignalOut))
    (pad 2 thru_hole rect (at -13.97 -17.78) (size 1.9 1.9) (drill 0.762) (layers *.Cu *.Mask F.SilkS)
      (net 13 "Net-(U3-Pad2)"))
    (pad 3 thru_hole rect (at -13.97 -15.24) (size 1.9 1.9) (drill 0.762) (layers *.Cu *.Mask F.SilkS)
      (net 14 "Net-(U3-Pad3)"))
    (pad 4 thru_hole rect (at -13.97 -12.7) (size 1.9 1.9) (drill 0.762) (layers *.Cu *.Mask F.SilkS)
      (net 15 "Net-(U3-Pad4)"))
    (pad 5 thru_hole rect (at -13.97 -10.16) (size 1.9 1.9) (drill 0.762) (layers *.Cu *.Mask F.SilkS)
      (net 16 "Net-(U3-Pad5)"))
    (pad 6 thru_hole rect (at -13.97 -7.62) (size 1.9 1.9) (drill 0.762) (layers *.Cu *.Mask F.SilkS)
      (net 17 "Net-(U3-Pad6)"))
    (pad 7 thru_hole rect (at -13.97 -5.08) (size 1.9 1.9) (drill 0.762) (layers *.Cu *.Mask F.SilkS)
      (net 18 "Net-(U3-Pad7)"))
    (pad 8 thru_hole rect (at -13.97 -2.54) (size 1.9 1.9) (drill 0.762) (layers *.Cu *.Mask F.SilkS)
      (net 19 "Net-(U3-Pad8)"))
    (pad 9 thru_hole rect (at -13.97 0) (size 1.9 1.9) (drill 0.762) (layers *.Cu *.Mask F.SilkS)
      (net 20 "Net-(U3-Pad9)"))
    (pad 10 thru_hole rect (at -13.97 2.54) (size 1.9 1.9) (drill 0.762) (layers *.Cu *.Mask F.SilkS)
      (net 21 "Net-(U3-Pad10)"))
    (pad 11 thru_hole rect (at -13.97 5.08) (size 1.9 1.9) (drill 0.762) (layers *.Cu *.Mask F.SilkS)
      (net 22 "Net-(U3-Pad11)"))
    (pad 12 thru_hole rect (at -13.97 7.62) (size 1.9 1.9) (drill 0.762) (layers *.Cu *.Mask F.SilkS)
      (net 23 "Net-(U3-Pad12)"))
    (pad 13 thru_hole rect (at -13.97 10.16) (size 1.9 1.9) (drill 0.762) (layers *.Cu *.Mask F.SilkS)
      (net 24 "Net-(U3-Pad13)"))
    (pad 14 thru_hole rect (at -13.97 12.7) (size 1.9 1.9) (drill 0.762) (layers *.Cu *.Mask F.SilkS)
      (net 41 GNDA))
    (pad 15 thru_hole rect (at -13.97 15.24) (size 1.9 1.9) (drill 0.762) (layers *.Cu *.Mask F.SilkS)
      (net 1 +5V))
    (pad 16 thru_hole rect (at 13.97 15.24) (size 1.9 1.9) (drill 0.762) (layers *.Cu *.Mask F.SilkS)
      (net 25 "Net-(U3-Pad16)"))
    (pad 17 thru_hole rect (at 13.97 12.7) (size 1.9 1.9) (drill 0.762) (layers *.Cu *.Mask F.SilkS)
      (net 26 "Net-(U3-Pad17)"))
    (pad 18 thru_hole rect (at 13.97 10.16) (size 1.9 1.9) (drill 0.762) (layers *.Cu *.Mask F.SilkS)
      (net 27 "Net-(U3-Pad18)"))
    (pad 19 thru_hole rect (at 13.97 7.62) (size 1.9 1.9) (drill 0.762) (layers *.Cu *.Mask F.SilkS)
      (net 28 "Net-(U3-Pad19)"))
    (pad 20 thru_hole rect (at 13.97 5.08) (size 1.9 1.9) (drill 0.762) (layers *.Cu *.Mask F.SilkS)
      (net 29 "Net-(U3-Pad20)"))
    (pad 21 thru_hole rect (at 13.97 2.54) (size 1.9 1.9) (drill 0.762) (layers *.Cu *.Mask F.SilkS)
      (net 30 "Net-(U3-Pad21)"))
    (pad 22 thru_hole rect (at 13.97 0) (size 1.9 1.9) (drill 0.762) (layers *.Cu *.Mask F.SilkS)
      (net 31 "Net-(U3-Pad22)"))
    (pad 23 thru_hole rect (at 13.97 -2.54) (size 1.9 1.9) (drill 0.762) (layers *.Cu *.Mask F.SilkS)
      (net 32 "Net-(U3-Pad23)"))
    (pad 24 thru_hole rect (at 13.97 -5.08) (size 1.9 1.9) (drill 0.762) (layers *.Cu *.Mask F.SilkS)
      (net 33 "Net-(U3-Pad24)"))
    (pad 25 thru_hole rect (at 13.97 -7.62) (size 1.9 1.9) (drill 0.762) (layers *.Cu *.Mask F.SilkS)
      (net 34 "Net-(U3-Pad25)"))
    (pad 26 thru_hole rect (at 13.97 -10.16) (size 1.9 1.9) (drill 0.762) (layers *.Cu *.Mask F.SilkS)
      (net 35 "Net-(U3-Pad26)"))
    (pad 27 thru_hole rect (at 13.97 -12.7) (size 1.9 1.9) (drill 0.762) (layers *.Cu *.Mask F.SilkS)
      (net 36 "Net-(U3-Pad27)"))
    (pad 28 thru_hole rect (at 13.97 -15.24) (size 1.9 1.9) (drill 0.762) (layers *.Cu *.Mask F.SilkS)
      (net 37 "Net-(U3-Pad28)"))
    (pad 29 thru_hole rect (at 13.97 -17.78) (size 1.9 1.9) (drill 0.762) (layers *.Cu *.Mask F.SilkS)
      (net 12 /PWM))
    (pad 30 thru_hole rect (at 13.97 -20.32) (size 1.9 1.9) (drill 0.762) (layers *.Cu *.Mask F.SilkS)
      (net 38 "Net-(U3-Pad30)"))
    (model "C:/Users/Dell/Documents/Patitita/Estagio/Hardware/KiCad/Libraries/KicadZeniteSolarLibrary18.pretty/3D/ESP8266 v7.stp"
      (offset (xyz -15.23999977111816 -21.58999967575073 8.889999866485596))
      (scale (xyz 1.2 1 1))
      (rotate (xyz 90 180 180))
    )
  )

  (module Capacitor_SMD:C_0805_2012Metric_Pad1.15x1.40mm_HandSolder (layer B.Cu) (tedit 5B36C52B) (tstamp 5C2AE5FD)
    (at 117.033831 95.838419 270)
    (descr "Capacitor SMD 0805 (2012 Metric), square (rectangular) end terminal, IPC_7351 nominal with elongated pad for handsoldering. (Body size source: https://docs.google.com/spreadsheets/d/1BsfQQcO9C6DZCsRaXUlFlo91Tg2WpOkGARC1WS5S8t0/edit?usp=sharing), generated with kicad-footprint-generator")
    (tags "capacitor handsolder")
    (path /5C23CB98/5C23CD24)
    (attr smd)
    (fp_text reference C1 (at 0 1.65 270) (layer B.SilkS)
      (effects (font (size 1 1) (thickness 0.15)) (justify mirror))
    )
    (fp_text value 1u (at 0 -1.65 270) (layer B.Fab)
      (effects (font (size 1 1) (thickness 0.15)) (justify mirror))
    )
    (fp_line (start -1 -0.6) (end -1 0.6) (layer B.Fab) (width 0.1))
    (fp_line (start -1 0.6) (end 1 0.6) (layer B.Fab) (width 0.1))
    (fp_line (start 1 0.6) (end 1 -0.6) (layer B.Fab) (width 0.1))
    (fp_line (start 1 -0.6) (end -1 -0.6) (layer B.Fab) (width 0.1))
    (fp_line (start -0.261252 0.71) (end 0.261252 0.71) (layer B.SilkS) (width 0.12))
    (fp_line (start -0.261252 -0.71) (end 0.261252 -0.71) (layer B.SilkS) (width 0.12))
    (fp_line (start -1.85 -0.95) (end -1.85 0.95) (layer B.CrtYd) (width 0.05))
    (fp_line (start -1.85 0.95) (end 1.85 0.95) (layer B.CrtYd) (width 0.05))
    (fp_line (start 1.85 0.95) (end 1.85 -0.95) (layer B.CrtYd) (width 0.05))
    (fp_line (start 1.85 -0.95) (end -1.85 -0.95) (layer B.CrtYd) (width 0.05))
    (fp_text user %R (at 0 0 270) (layer B.Fab)
      (effects (font (size 0.5 0.5) (thickness 0.08)) (justify mirror))
    )
    (pad 1 smd roundrect (at -1.025 0 270) (size 1.15 1.4) (layers B.Cu B.Paste B.Mask) (roundrect_rratio 0.217391)
      (net 5 VCC))
    (pad 2 smd roundrect (at 1.025 0 270) (size 1.15 1.4) (layers B.Cu B.Paste B.Mask) (roundrect_rratio 0.217391)
      (net 41 GNDA))
    (model ${KISYS3DMOD}/Capacitor_SMD.3dshapes/C_0805_2012Metric.wrl
      (at (xyz 0 0 0))
      (scale (xyz 1 1 1))
      (rotate (xyz 0 0 0))
    )
  )

  (module Capacitor_SMD:C_0805_2012Metric_Pad1.15x1.40mm_HandSolder (layer B.Cu) (tedit 5B36C52B) (tstamp 5C2AC29D)
    (at 114.182163 95.838419 270)
    (descr "Capacitor SMD 0805 (2012 Metric), square (rectangular) end terminal, IPC_7351 nominal with elongated pad for handsoldering. (Body size source: https://docs.google.com/spreadsheets/d/1BsfQQcO9C6DZCsRaXUlFlo91Tg2WpOkGARC1WS5S8t0/edit?usp=sharing), generated with kicad-footprint-generator")
    (tags "capacitor handsolder")
    (path /5C23CB98/5C23CCA2)
    (attr smd)
    (fp_text reference C2 (at 0 1.65 270) (layer B.SilkS)
      (effects (font (size 1 1) (thickness 0.15)) (justify mirror))
    )
    (fp_text value 100n (at 0 -1.65 270) (layer B.Fab)
      (effects (font (size 1 1) (thickness 0.15)) (justify mirror))
    )
    (fp_text user %R (at 0 0 270) (layer B.Fab)
      (effects (font (size 0.5 0.5) (thickness 0.08)) (justify mirror))
    )
    (fp_line (start 1.85 -0.95) (end -1.85 -0.95) (layer B.CrtYd) (width 0.05))
    (fp_line (start 1.85 0.95) (end 1.85 -0.95) (layer B.CrtYd) (width 0.05))
    (fp_line (start -1.85 0.95) (end 1.85 0.95) (layer B.CrtYd) (width 0.05))
    (fp_line (start -1.85 -0.95) (end -1.85 0.95) (layer B.CrtYd) (width 0.05))
    (fp_line (start -0.261252 -0.71) (end 0.261252 -0.71) (layer B.SilkS) (width 0.12))
    (fp_line (start -0.261252 0.71) (end 0.261252 0.71) (layer B.SilkS) (width 0.12))
    (fp_line (start 1 -0.6) (end -1 -0.6) (layer B.Fab) (width 0.1))
    (fp_line (start 1 0.6) (end 1 -0.6) (layer B.Fab) (width 0.1))
    (fp_line (start -1 0.6) (end 1 0.6) (layer B.Fab) (width 0.1))
    (fp_line (start -1 -0.6) (end -1 0.6) (layer B.Fab) (width 0.1))
    (pad 2 smd roundrect (at 1.025 0 270) (size 1.15 1.4) (layers B.Cu B.Paste B.Mask) (roundrect_rratio 0.217391)
      (net 41 GNDA))
    (pad 1 smd roundrect (at -1.025 0 270) (size 1.15 1.4) (layers B.Cu B.Paste B.Mask) (roundrect_rratio 0.217391)
      (net 5 VCC))
    (model ${KISYS3DMOD}/Capacitor_SMD.3dshapes/C_0805_2012Metric.wrl
      (at (xyz 0 0 0))
      (scale (xyz 1 1 1))
      (rotate (xyz 0 0 0))
    )
  )

  (module MountingHole:MountingHole_3.2mm_M3_DIN965_Pad (layer F.Cu) (tedit 56D1B4CB) (tstamp 5C2C096F)
    (at 97.155 114.3)
    (descr "Mounting Hole 3.2mm, M3, DIN965")
    (tags "mounting hole 3.2mm m3 din965")
    (path /5C2B1C5F)
    (attr virtual)
    (fp_text reference H2 (at 0 -3.8) (layer F.SilkS)
      (effects (font (size 1 1) (thickness 0.15)))
    )
    (fp_text value MountingHole (at 0 3.8) (layer F.Fab)
      (effects (font (size 1 1) (thickness 0.15)))
    )
    (fp_circle (center 0 0) (end 3.05 0) (layer F.CrtYd) (width 0.05))
    (fp_circle (center 0 0) (end 2.8 0) (layer Cmts.User) (width 0.15))
    (fp_text user %R (at 0.3 0) (layer F.Fab)
      (effects (font (size 1 1) (thickness 0.15)))
    )
    (pad 1 thru_hole circle (at 0 0) (size 5.6 5.6) (drill 3.2) (layers *.Cu *.Mask))
  )

  (module MountingHole:MountingHole_3.2mm_M3_DIN965_Pad (layer F.Cu) (tedit 56D1B4CB) (tstamp 5C2C0967)
    (at 97.155 32.385)
    (descr "Mounting Hole 3.2mm, M3, DIN965")
    (tags "mounting hole 3.2mm m3 din965")
    (path /5C2B1BD6)
    (attr virtual)
    (fp_text reference H1 (at 0 -3.8) (layer F.SilkS)
      (effects (font (size 1 1) (thickness 0.15)))
    )
    (fp_text value MountingHole (at 0 3.8) (layer F.Fab)
      (effects (font (size 1 1) (thickness 0.15)))
    )
    (fp_text user %R (at 0.3 0) (layer F.Fab)
      (effects (font (size 1 1) (thickness 0.15)))
    )
    (fp_circle (center 0 0) (end 2.8 0) (layer Cmts.User) (width 0.15))
    (fp_circle (center 0 0) (end 3.05 0) (layer F.CrtYd) (width 0.05))
    (pad 1 thru_hole circle (at 0 0) (size 5.6 5.6) (drill 3.2) (layers *.Cu *.Mask))
  )

  (module MountingHole:MountingHole_3.2mm_M3_DIN965_Pad (layer F.Cu) (tedit 56D1B4CB) (tstamp 5C2C095F)
    (at 139.065 114.3)
    (descr "Mounting Hole 3.2mm, M3, DIN965")
    (tags "mounting hole 3.2mm m3 din965")
    (path /5C2B1C8D)
    (attr virtual)
    (fp_text reference H3 (at 0 -3.8) (layer F.SilkS)
      (effects (font (size 1 1) (thickness 0.15)))
    )
    (fp_text value MountingHole (at 0 3.8) (layer F.Fab)
      (effects (font (size 1 1) (thickness 0.15)))
    )
    (fp_circle (center 0 0) (end 3.05 0) (layer F.CrtYd) (width 0.05))
    (fp_circle (center 0 0) (end 2.8 0) (layer Cmts.User) (width 0.15))
    (fp_text user %R (at 0.3 0) (layer F.Fab)
      (effects (font (size 1 1) (thickness 0.15)))
    )
    (pad 1 thru_hole circle (at 0 0) (size 5.6 5.6) (drill 3.2) (layers *.Cu *.Mask))
  )

  (module MountingHole:MountingHole_3.2mm_M3_DIN965_Pad (layer F.Cu) (tedit 56D1B4CB) (tstamp 5C2C0957)
    (at 139.065 32.385)
    (descr "Mounting Hole 3.2mm, M3, DIN965")
    (tags "mounting hole 3.2mm m3 din965")
    (path /5C2B1CBD)
    (attr virtual)
    (fp_text reference H4 (at 0 -3.8) (layer F.SilkS)
      (effects (font (size 1 1) (thickness 0.15)))
    )
    (fp_text value MountingHole (at 0 3.8) (layer F.Fab)
      (effects (font (size 1 1) (thickness 0.15)))
    )
    (fp_text user %R (at 0.3 0) (layer F.Fab)
      (effects (font (size 1 1) (thickness 0.15)))
    )
    (fp_circle (center 0 0) (end 2.8 0) (layer Cmts.User) (width 0.15))
    (fp_circle (center 0 0) (end 3.05 0) (layer F.CrtYd) (width 0.05))
    (pad 1 thru_hole circle (at 0 0) (size 5.6 5.6) (drill 3.2) (layers *.Cu *.Mask))
  )

  (module KicadZeniteSolarLibrary18:NetTie-2_SMD_Pad_50mil (layer B.Cu) (tedit 5C2A752E) (tstamp 5C2BDE46)
    (at 128.27 115.537787)
    (descr "Net tie, 2 pin, 2.0mm square SMD pads")
    (tags "net tie")
    (path /5C23CB98/5C24FFE7)
    (attr virtual)
    (fp_text reference NT1 (at 0 2) (layer B.SilkS)
      (effects (font (size 1 1) (thickness 0.15)) (justify mirror))
    )
    (fp_text value Net-Tie_2 (at 0 -2) (layer B.Fab)
      (effects (font (size 1 1) (thickness 0.15)) (justify mirror))
    )
    (fp_poly (pts (xy -1.27 0.635) (xy 1.27 0.635) (xy 1.27 -0.635) (xy -1.27 -0.635)) (layer B.Cu) (width 0))
    (fp_line (start -3.25 -1.25) (end -3.25 1.25) (layer B.CrtYd) (width 0.05))
    (fp_line (start 3.25 -1.25) (end -3.25 -1.25) (layer B.CrtYd) (width 0.05))
    (fp_line (start 3.25 1.25) (end 3.25 -1.25) (layer B.CrtYd) (width 0.05))
    (fp_line (start -3.25 1.25) (end 3.25 1.25) (layer B.CrtYd) (width 0.05))
    (pad 1 smd circle (at -2 0) (size 1.27 1.27) (layers B.Cu)
      (net 41 GNDA))
    (pad 2 smd circle (at 2 0) (size 1.27 1.27) (layers B.Cu)
      (net 3 GND))
  )

  (module Capacitor_SMD:C_0805_2012Metric_Pad1.15x1.40mm_HandSolder (layer B.Cu) (tedit 5B36C52B) (tstamp 5C2AC2E1)
    (at 139.972056 59.022787 270)
    (descr "Capacitor SMD 0805 (2012 Metric), square (rectangular) end terminal, IPC_7351 nominal with elongated pad for handsoldering. (Body size source: https://docs.google.com/spreadsheets/d/1BsfQQcO9C6DZCsRaXUlFlo91Tg2WpOkGARC1WS5S8t0/edit?usp=sharing), generated with kicad-footprint-generator")
    (tags "capacitor handsolder")
    (path /5C288EC7)
    (attr smd)
    (fp_text reference C10 (at 0 1.65 270) (layer B.SilkS)
      (effects (font (size 1 1) (thickness 0.15)) (justify mirror))
    )
    (fp_text value 1u (at 0 -1.65 270) (layer B.Fab)
      (effects (font (size 1 1) (thickness 0.15)) (justify mirror))
    )
    (fp_text user %R (at 0 0 270) (layer B.Fab)
      (effects (font (size 0.5 0.5) (thickness 0.08)) (justify mirror))
    )
    (fp_line (start 1.85 -0.95) (end -1.85 -0.95) (layer B.CrtYd) (width 0.05))
    (fp_line (start 1.85 0.95) (end 1.85 -0.95) (layer B.CrtYd) (width 0.05))
    (fp_line (start -1.85 0.95) (end 1.85 0.95) (layer B.CrtYd) (width 0.05))
    (fp_line (start -1.85 -0.95) (end -1.85 0.95) (layer B.CrtYd) (width 0.05))
    (fp_line (start -0.261252 -0.71) (end 0.261252 -0.71) (layer B.SilkS) (width 0.12))
    (fp_line (start -0.261252 0.71) (end 0.261252 0.71) (layer B.SilkS) (width 0.12))
    (fp_line (start 1 -0.6) (end -1 -0.6) (layer B.Fab) (width 0.1))
    (fp_line (start 1 0.6) (end 1 -0.6) (layer B.Fab) (width 0.1))
    (fp_line (start -1 0.6) (end 1 0.6) (layer B.Fab) (width 0.1))
    (fp_line (start -1 -0.6) (end -1 0.6) (layer B.Fab) (width 0.1))
    (pad 2 smd roundrect (at 1.025 0 270) (size 1.15 1.4) (layers B.Cu B.Paste B.Mask) (roundrect_rratio 0.217391)
      (net 3 GND))
    (pad 1 smd roundrect (at -1.025 0 270) (size 1.15 1.4) (layers B.Cu B.Paste B.Mask) (roundrect_rratio 0.217391)
      (net 5 VCC))
    (model ${KISYS3DMOD}/Capacitor_SMD.3dshapes/C_0805_2012Metric.wrl
      (at (xyz 0 0 0))
      (scale (xyz 1 1 1))
      (rotate (xyz 0 0 0))
    )
  )

  (module Capacitor_SMD:C_0805_2012Metric_Pad1.15x1.40mm_HandSolder (layer B.Cu) (tedit 5B36C52B) (tstamp 5C2AC2D0)
    (at 137.432056 59.022787 270)
    (descr "Capacitor SMD 0805 (2012 Metric), square (rectangular) end terminal, IPC_7351 nominal with elongated pad for handsoldering. (Body size source: https://docs.google.com/spreadsheets/d/1BsfQQcO9C6DZCsRaXUlFlo91Tg2WpOkGARC1WS5S8t0/edit?usp=sharing), generated with kicad-footprint-generator")
    (tags "capacitor handsolder")
    (path /5C2803E8)
    (attr smd)
    (fp_text reference C9 (at 0 1.65 270) (layer B.SilkS)
      (effects (font (size 1 1) (thickness 0.15)) (justify mirror))
    )
    (fp_text value 1u (at 0 -1.65 270) (layer B.Fab)
      (effects (font (size 1 1) (thickness 0.15)) (justify mirror))
    )
    (fp_line (start -1 -0.6) (end -1 0.6) (layer B.Fab) (width 0.1))
    (fp_line (start -1 0.6) (end 1 0.6) (layer B.Fab) (width 0.1))
    (fp_line (start 1 0.6) (end 1 -0.6) (layer B.Fab) (width 0.1))
    (fp_line (start 1 -0.6) (end -1 -0.6) (layer B.Fab) (width 0.1))
    (fp_line (start -0.261252 0.71) (end 0.261252 0.71) (layer B.SilkS) (width 0.12))
    (fp_line (start -0.261252 -0.71) (end 0.261252 -0.71) (layer B.SilkS) (width 0.12))
    (fp_line (start -1.85 -0.95) (end -1.85 0.95) (layer B.CrtYd) (width 0.05))
    (fp_line (start -1.85 0.95) (end 1.85 0.95) (layer B.CrtYd) (width 0.05))
    (fp_line (start 1.85 0.95) (end 1.85 -0.95) (layer B.CrtYd) (width 0.05))
    (fp_line (start 1.85 -0.95) (end -1.85 -0.95) (layer B.CrtYd) (width 0.05))
    (fp_text user %R (at 0 0 270) (layer B.Fab)
      (effects (font (size 0.5 0.5) (thickness 0.08)) (justify mirror))
    )
    (pad 1 smd roundrect (at -1.025 0 270) (size 1.15 1.4) (layers B.Cu B.Paste B.Mask) (roundrect_rratio 0.217391)
      (net 5 VCC))
    (pad 2 smd roundrect (at 1.025 0 270) (size 1.15 1.4) (layers B.Cu B.Paste B.Mask) (roundrect_rratio 0.217391)
      (net 3 GND))
    (model ${KISYS3DMOD}/Capacitor_SMD.3dshapes/C_0805_2012Metric.wrl
      (at (xyz 0 0 0))
      (scale (xyz 1 1 1))
      (rotate (xyz 0 0 0))
    )
  )

  (module Capacitor_SMD:C_0805_2012Metric_Pad1.15x1.40mm_HandSolder (layer B.Cu) (tedit 5B36C52B) (tstamp 5C2AC2BF)
    (at 113.302056 35.527787 270)
    (descr "Capacitor SMD 0805 (2012 Metric), square (rectangular) end terminal, IPC_7351 nominal with elongated pad for handsoldering. (Body size source: https://docs.google.com/spreadsheets/d/1BsfQQcO9C6DZCsRaXUlFlo91Tg2WpOkGARC1WS5S8t0/edit?usp=sharing), generated with kicad-footprint-generator")
    (tags "capacitor handsolder")
    (path /5C259672)
    (attr smd)
    (fp_text reference C8 (at 0 1.65 270) (layer B.SilkS)
      (effects (font (size 1 1) (thickness 0.15)) (justify mirror))
    )
    (fp_text value 100n (at 0 -1.65 270) (layer B.Fab)
      (effects (font (size 1 1) (thickness 0.15)) (justify mirror))
    )
    (fp_text user %R (at 0 0 270) (layer B.Fab)
      (effects (font (size 0.5 0.5) (thickness 0.08)) (justify mirror))
    )
    (fp_line (start 1.85 -0.95) (end -1.85 -0.95) (layer B.CrtYd) (width 0.05))
    (fp_line (start 1.85 0.95) (end 1.85 -0.95) (layer B.CrtYd) (width 0.05))
    (fp_line (start -1.85 0.95) (end 1.85 0.95) (layer B.CrtYd) (width 0.05))
    (fp_line (start -1.85 -0.95) (end -1.85 0.95) (layer B.CrtYd) (width 0.05))
    (fp_line (start -0.261252 -0.71) (end 0.261252 -0.71) (layer B.SilkS) (width 0.12))
    (fp_line (start -0.261252 0.71) (end 0.261252 0.71) (layer B.SilkS) (width 0.12))
    (fp_line (start 1 -0.6) (end -1 -0.6) (layer B.Fab) (width 0.1))
    (fp_line (start 1 0.6) (end 1 -0.6) (layer B.Fab) (width 0.1))
    (fp_line (start -1 0.6) (end 1 0.6) (layer B.Fab) (width 0.1))
    (fp_line (start -1 -0.6) (end -1 0.6) (layer B.Fab) (width 0.1))
    (pad 2 smd roundrect (at 1.025 0 270) (size 1.15 1.4) (layers B.Cu B.Paste B.Mask) (roundrect_rratio 0.217391)
      (net 41 GNDA))
    (pad 1 smd roundrect (at -1.025 0 270) (size 1.15 1.4) (layers B.Cu B.Paste B.Mask) (roundrect_rratio 0.217391)
      (net 1 +5V))
    (model ${KISYS3DMOD}/Capacitor_SMD.3dshapes/C_0805_2012Metric.wrl
      (at (xyz 0 0 0))
      (scale (xyz 1 1 1))
      (rotate (xyz 0 0 0))
    )
  )

  (module Capacitor_SMD:C_0805_2012Metric_Pad1.15x1.40mm_HandSolder (layer B.Cu) (tedit 5B36C52B) (tstamp 5C2AC2AE)
    (at 113.937056 60.96 90)
    (descr "Capacitor SMD 0805 (2012 Metric), square (rectangular) end terminal, IPC_7351 nominal with elongated pad for handsoldering. (Body size source: https://docs.google.com/spreadsheets/d/1BsfQQcO9C6DZCsRaXUlFlo91Tg2WpOkGARC1WS5S8t0/edit?usp=sharing), generated with kicad-footprint-generator")
    (tags "capacitor handsolder")
    (path /5C251837/5C25775D)
    (attr smd)
    (fp_text reference C7 (at 0 1.65 90) (layer B.SilkS)
      (effects (font (size 1 1) (thickness 0.15)) (justify mirror))
    )
    (fp_text value 100n (at 0 -1.65 90) (layer B.Fab)
      (effects (font (size 1 1) (thickness 0.15)) (justify mirror))
    )
    (fp_line (start -1 -0.6) (end -1 0.6) (layer B.Fab) (width 0.1))
    (fp_line (start -1 0.6) (end 1 0.6) (layer B.Fab) (width 0.1))
    (fp_line (start 1 0.6) (end 1 -0.6) (layer B.Fab) (width 0.1))
    (fp_line (start 1 -0.6) (end -1 -0.6) (layer B.Fab) (width 0.1))
    (fp_line (start -0.261252 0.71) (end 0.261252 0.71) (layer B.SilkS) (width 0.12))
    (fp_line (start -0.261252 -0.71) (end 0.261252 -0.71) (layer B.SilkS) (width 0.12))
    (fp_line (start -1.85 -0.95) (end -1.85 0.95) (layer B.CrtYd) (width 0.05))
    (fp_line (start -1.85 0.95) (end 1.85 0.95) (layer B.CrtYd) (width 0.05))
    (fp_line (start 1.85 0.95) (end 1.85 -0.95) (layer B.CrtYd) (width 0.05))
    (fp_line (start 1.85 -0.95) (end -1.85 -0.95) (layer B.CrtYd) (width 0.05))
    (fp_text user %R (at 0 0 90) (layer B.Fab)
      (effects (font (size 0.5 0.5) (thickness 0.08)) (justify mirror))
    )
    (pad 1 smd roundrect (at -1.025 0 90) (size 1.15 1.4) (layers B.Cu B.Paste B.Mask) (roundrect_rratio 0.217391)
      (net 41 GNDA))
    (pad 2 smd roundrect (at 1.025 0 90) (size 1.15 1.4) (layers B.Cu B.Paste B.Mask) (roundrect_rratio 0.217391)
      (net 1 +5V))
    (model ${KISYS3DMOD}/Capacitor_SMD.3dshapes/C_0805_2012Metric.wrl
      (at (xyz 0 0 0))
      (scale (xyz 1 1 1))
      (rotate (xyz 0 0 0))
    )
  )

  (module Capacitor_SMD:C_0805_2012Metric_Pad1.15x1.40mm_HandSolder (layer B.Cu) (tedit 5B36C52B) (tstamp 5C2AC28C)
    (at 110.060497 95.838419 270)
    (descr "Capacitor SMD 0805 (2012 Metric), square (rectangular) end terminal, IPC_7351 nominal with elongated pad for handsoldering. (Body size source: https://docs.google.com/spreadsheets/d/1BsfQQcO9C6DZCsRaXUlFlo91Tg2WpOkGARC1WS5S8t0/edit?usp=sharing), generated with kicad-footprint-generator")
    (tags "capacitor handsolder")
    (path /5C23CB98/5C23CCD2)
    (attr smd)
    (fp_text reference C3 (at 0 1.65 270) (layer B.SilkS)
      (effects (font (size 1 1) (thickness 0.15)) (justify mirror))
    )
    (fp_text value 100n (at 0 -1.65 270) (layer B.Fab)
      (effects (font (size 1 1) (thickness 0.15)) (justify mirror))
    )
    (fp_line (start -1 -0.6) (end -1 0.6) (layer B.Fab) (width 0.1))
    (fp_line (start -1 0.6) (end 1 0.6) (layer B.Fab) (width 0.1))
    (fp_line (start 1 0.6) (end 1 -0.6) (layer B.Fab) (width 0.1))
    (fp_line (start 1 -0.6) (end -1 -0.6) (layer B.Fab) (width 0.1))
    (fp_line (start -0.261252 0.71) (end 0.261252 0.71) (layer B.SilkS) (width 0.12))
    (fp_line (start -0.261252 -0.71) (end 0.261252 -0.71) (layer B.SilkS) (width 0.12))
    (fp_line (start -1.85 -0.95) (end -1.85 0.95) (layer B.CrtYd) (width 0.05))
    (fp_line (start -1.85 0.95) (end 1.85 0.95) (layer B.CrtYd) (width 0.05))
    (fp_line (start 1.85 0.95) (end 1.85 -0.95) (layer B.CrtYd) (width 0.05))
    (fp_line (start 1.85 -0.95) (end -1.85 -0.95) (layer B.CrtYd) (width 0.05))
    (fp_text user %R (at 0 0 270) (layer B.Fab)
      (effects (font (size 0.5 0.5) (thickness 0.08)) (justify mirror))
    )
    (pad 1 smd roundrect (at -1.025 0 270) (size 1.15 1.4) (layers B.Cu B.Paste B.Mask) (roundrect_rratio 0.217391)
      (net 1 +5V))
    (pad 2 smd roundrect (at 1.025 0 270) (size 1.15 1.4) (layers B.Cu B.Paste B.Mask) (roundrect_rratio 0.217391)
      (net 41 GNDA))
    (model ${KISYS3DMOD}/Capacitor_SMD.3dshapes/C_0805_2012Metric.wrl
      (at (xyz 0 0 0))
      (scale (xyz 1 1 1))
      (rotate (xyz 0 0 0))
    )
  )

  (module Capacitor_SMD:C_0805_2012Metric_Pad1.15x1.40mm_HandSolder (layer B.Cu) (tedit 5B36C52B) (tstamp 5C2AC27B)
    (at 102.87 60.325 90)
    (descr "Capacitor SMD 0805 (2012 Metric), square (rectangular) end terminal, IPC_7351 nominal with elongated pad for handsoldering. (Body size source: https://docs.google.com/spreadsheets/d/1BsfQQcO9C6DZCsRaXUlFlo91Tg2WpOkGARC1WS5S8t0/edit?usp=sharing), generated with kicad-footprint-generator")
    (tags "capacitor handsolder")
    (path /5C251837/5C256385)
    (attr smd)
    (fp_text reference C6 (at 0 1.65 90) (layer B.SilkS)
      (effects (font (size 1 1) (thickness 0.15)) (justify mirror))
    )
    (fp_text value 10n (at 0 -1.65 90) (layer B.Fab)
      (effects (font (size 1 1) (thickness 0.15)) (justify mirror))
    )
    (fp_text user %R (at 0 0 90) (layer B.Fab)
      (effects (font (size 0.5 0.5) (thickness 0.08)) (justify mirror))
    )
    (fp_line (start 1.85 -0.95) (end -1.85 -0.95) (layer B.CrtYd) (width 0.05))
    (fp_line (start 1.85 0.95) (end 1.85 -0.95) (layer B.CrtYd) (width 0.05))
    (fp_line (start -1.85 0.95) (end 1.85 0.95) (layer B.CrtYd) (width 0.05))
    (fp_line (start -1.85 -0.95) (end -1.85 0.95) (layer B.CrtYd) (width 0.05))
    (fp_line (start -0.261252 -0.71) (end 0.261252 -0.71) (layer B.SilkS) (width 0.12))
    (fp_line (start -0.261252 0.71) (end 0.261252 0.71) (layer B.SilkS) (width 0.12))
    (fp_line (start 1 -0.6) (end -1 -0.6) (layer B.Fab) (width 0.1))
    (fp_line (start 1 0.6) (end 1 -0.6) (layer B.Fab) (width 0.1))
    (fp_line (start -1 0.6) (end 1 0.6) (layer B.Fab) (width 0.1))
    (fp_line (start -1 -0.6) (end -1 0.6) (layer B.Fab) (width 0.1))
    (pad 2 smd roundrect (at 1.025 0 90) (size 1.15 1.4) (layers B.Cu B.Paste B.Mask) (roundrect_rratio 0.217391)
      (net 8 "Net-(C6-Pad2)"))
    (pad 1 smd roundrect (at -1.025 0 90) (size 1.15 1.4) (layers B.Cu B.Paste B.Mask) (roundrect_rratio 0.217391)
      (net 11 /Sinais/SignalOut))
    (model ${KISYS3DMOD}/Capacitor_SMD.3dshapes/C_0805_2012Metric.wrl
      (at (xyz 0 0 0))
      (scale (xyz 1 1 1))
      (rotate (xyz 0 0 0))
    )
  )

  (module Capacitor_SMD:C_0805_2012Metric_Pad1.15x1.40mm_HandSolder (layer B.Cu) (tedit 5B36C52B) (tstamp 5C2AC26A)
    (at 106.045 57.785 270)
    (descr "Capacitor SMD 0805 (2012 Metric), square (rectangular) end terminal, IPC_7351 nominal with elongated pad for handsoldering. (Body size source: https://docs.google.com/spreadsheets/d/1BsfQQcO9C6DZCsRaXUlFlo91Tg2WpOkGARC1WS5S8t0/edit?usp=sharing), generated with kicad-footprint-generator")
    (tags "capacitor handsolder")
    (path /5C251837/5C2563D9)
    (attr smd)
    (fp_text reference C5 (at 0 1.65 270) (layer B.SilkS)
      (effects (font (size 1 1) (thickness 0.15)) (justify mirror))
    )
    (fp_text value 10n (at 0 -1.65 270) (layer B.Fab)
      (effects (font (size 1 1) (thickness 0.15)) (justify mirror))
    )
    (fp_line (start -1 -0.6) (end -1 0.6) (layer B.Fab) (width 0.1))
    (fp_line (start -1 0.6) (end 1 0.6) (layer B.Fab) (width 0.1))
    (fp_line (start 1 0.6) (end 1 -0.6) (layer B.Fab) (width 0.1))
    (fp_line (start 1 -0.6) (end -1 -0.6) (layer B.Fab) (width 0.1))
    (fp_line (start -0.261252 0.71) (end 0.261252 0.71) (layer B.SilkS) (width 0.12))
    (fp_line (start -0.261252 -0.71) (end 0.261252 -0.71) (layer B.SilkS) (width 0.12))
    (fp_line (start -1.85 -0.95) (end -1.85 0.95) (layer B.CrtYd) (width 0.05))
    (fp_line (start -1.85 0.95) (end 1.85 0.95) (layer B.CrtYd) (width 0.05))
    (fp_line (start 1.85 0.95) (end 1.85 -0.95) (layer B.CrtYd) (width 0.05))
    (fp_line (start 1.85 -0.95) (end -1.85 -0.95) (layer B.CrtYd) (width 0.05))
    (fp_text user %R (at 0 0 270) (layer B.Fab)
      (effects (font (size 0.5 0.5) (thickness 0.08)) (justify mirror))
    )
    (pad 1 smd roundrect (at -1.025 0 270) (size 1.15 1.4) (layers B.Cu B.Paste B.Mask) (roundrect_rratio 0.217391)
      (net 41 GNDA))
    (pad 2 smd roundrect (at 1.025 0 270) (size 1.15 1.4) (layers B.Cu B.Paste B.Mask) (roundrect_rratio 0.217391)
      (net 7 "Net-(C5-Pad2)"))
    (model ${KISYS3DMOD}/Capacitor_SMD.3dshapes/C_0805_2012Metric.wrl
      (at (xyz 0 0 0))
      (scale (xyz 1 1 1))
      (rotate (xyz 0 0 0))
    )
  )

  (module Capacitor_SMD:C_2512_6332Metric_Pad1.52x3.35mm_HandSolder (layer B.Cu) (tedit 5B301BBE) (tstamp 5C2AC259)
    (at 106.238831 95.838419 270)
    (descr "Capacitor SMD 2512 (6332 Metric), square (rectangular) end terminal, IPC_7351 nominal with elongated pad for handsoldering. (Body size source: http://www.tortai-tech.com/upload/download/2011102023233369053.pdf), generated with kicad-footprint-generator")
    (tags "capacitor handsolder")
    (path /5C23CB98/5C23CCFC)
    (attr smd)
    (fp_text reference C4 (at 0 2.62 270) (layer B.SilkS)
      (effects (font (size 1 1) (thickness 0.15)) (justify mirror))
    )
    (fp_text value 10u (at 0 -2.62 270) (layer B.Fab)
      (effects (font (size 1 1) (thickness 0.15)) (justify mirror))
    )
    (fp_text user %R (at 0 0 270) (layer B.Fab)
      (effects (font (size 1 1) (thickness 0.15)) (justify mirror))
    )
    (fp_line (start 4 -1.92) (end -4 -1.92) (layer B.CrtYd) (width 0.05))
    (fp_line (start 4 1.92) (end 4 -1.92) (layer B.CrtYd) (width 0.05))
    (fp_line (start -4 1.92) (end 4 1.92) (layer B.CrtYd) (width 0.05))
    (fp_line (start -4 -1.92) (end -4 1.92) (layer B.CrtYd) (width 0.05))
    (fp_line (start -2.052064 -1.71) (end 2.052064 -1.71) (layer B.SilkS) (width 0.12))
    (fp_line (start -2.052064 1.71) (end 2.052064 1.71) (layer B.SilkS) (width 0.12))
    (fp_line (start 3.15 -1.6) (end -3.15 -1.6) (layer B.Fab) (width 0.1))
    (fp_line (start 3.15 1.6) (end 3.15 -1.6) (layer B.Fab) (width 0.1))
    (fp_line (start -3.15 1.6) (end 3.15 1.6) (layer B.Fab) (width 0.1))
    (fp_line (start -3.15 -1.6) (end -3.15 1.6) (layer B.Fab) (width 0.1))
    (pad 2 smd roundrect (at 2.9875 0 270) (size 1.525 3.35) (layers B.Cu B.Paste B.Mask) (roundrect_rratio 0.163934)
      (net 41 GNDA))
    (pad 1 smd roundrect (at -2.9875 0 270) (size 1.525 3.35) (layers B.Cu B.Paste B.Mask) (roundrect_rratio 0.163934)
      (net 1 +5V))
    (model ${KISYS3DMOD}/Capacitor_SMD.3dshapes/C_2512_6332Metric.wrl
      (at (xyz 0 0 0))
      (scale (xyz 1 1 1))
      (rotate (xyz 0 0 0))
    )
  )

  (module Diode_SMD:D_MiniMELF_Handsoldering (layer B.Cu) (tedit 5905D919) (tstamp 5C2AC237)
    (at 134.257056 45.052787 180)
    (descr "Diode Mini-MELF Handsoldering")
    (tags "Diode Mini-MELF Handsoldering")
    (path /5C27C129)
    (attr smd)
    (fp_text reference D2 (at 0 1.75 180) (layer B.SilkS)
      (effects (font (size 1 1) (thickness 0.15)) (justify mirror))
    )
    (fp_text value LL4148 (at 0 -1.75 180) (layer B.Fab)
      (effects (font (size 1 1) (thickness 0.15)) (justify mirror))
    )
    (fp_text user %R (at 0 1.75 180) (layer B.Fab)
      (effects (font (size 1 1) (thickness 0.15)) (justify mirror))
    )
    (fp_line (start 2.75 1) (end -4.55 1) (layer B.SilkS) (width 0.12))
    (fp_line (start -4.55 1) (end -4.55 -1) (layer B.SilkS) (width 0.12))
    (fp_line (start -4.55 -1) (end 2.75 -1) (layer B.SilkS) (width 0.12))
    (fp_line (start 1.65 0.8) (end 1.65 -0.8) (layer B.Fab) (width 0.1))
    (fp_line (start 1.65 -0.8) (end -1.65 -0.8) (layer B.Fab) (width 0.1))
    (fp_line (start -1.65 -0.8) (end -1.65 0.8) (layer B.Fab) (width 0.1))
    (fp_line (start -1.65 0.8) (end 1.65 0.8) (layer B.Fab) (width 0.1))
    (fp_line (start 0.25 0) (end 0.75 0) (layer B.Fab) (width 0.1))
